# rho | -
  1  0.0000000e+00
  2  1.0000000e-02
  3  2.0000000e-02
  4  3.0000000e-02
  5  4.0000000e-02
  6  5.0000000e-02
  7  6.0000000e-02
  8  7.0000000e-02
  9  8.0000000e-02
 10  9.0000000e-02
 11  1.0000000e-01
 12  1.1000000e-01
 13  1.2000000e-01
 14  1.3000000e-01
 15  1.4000000e-01
 16  1.5000000e-01
 17  1.6000000e-01
 18  1.7000000e-01
 19  1.8000000e-01
 20  1.9000000e-01
 21  2.0000000e-01
 22  2.1000000e-01
 23  2.2000000e-01
 24  2.3000000e-01
 25  2.4000000e-01
 26  2.5000000e-01
 27  2.6000000e-01
 28  2.7000000e-01
 29  2.8000000e-01
 30  2.9000000e-01
 31  3.0000000e-01
 32  3.1000000e-01
 33  3.2000000e-01
 34  3.3000000e-01
 35  3.4000000e-01
 36  3.5000000e-01
 37  3.6000000e-01
 38  3.7000000e-01
 39  3.8000000e-01
 40  3.9000000e-01
 41  4.0000000e-01
 42  4.1000000e-01
 43  4.2000000e-01
 44  4.3000000e-01
 45  4.4000000e-01
 46  4.5000000e-01
 47  4.6000000e-01
 48  4.7000000e-01
 49  4.8000000e-01
 50  4.9000000e-01
 51  5.0000000e-01
 52  5.1000000e-01
 53  5.2000000e-01
 54  5.3000000e-01
 55  5.4000000e-01
 56  5.5000000e-01
 57  5.6000000e-01
 58  5.7000000e-01
 59  5.8000000e-01
 60  5.9000000e-01
 61  6.0000000e-01
 62  6.1000000e-01
 63  6.2000000e-01
 64  6.3000000e-01
 65  6.4000000e-01
 66  6.5000000e-01
 67  6.6000000e-01
 68  6.7000000e-01
 69  6.8000000e-01
 70  6.9000000e-01
 71  7.0000000e-01
 72  7.1000000e-01
 73  7.2000000e-01
 74  7.3000000e-01
 75  7.4000000e-01
 76  7.5000000e-01
 77  7.6000000e-01
 78  7.7000000e-01
 79  7.8000000e-01
 80  7.9000000e-01
 81  8.0000000e-01
 82  8.1000000e-01
 83  8.2000000e-01
 84  8.3000000e-01
 85  8.4000000e-01
 86  8.5000000e-01
 87  8.6000000e-01
 88  8.7000000e-01
 89  8.8000000e-01
 90  8.9000000e-01
 91  9.0000000e-01
 92  9.1000000e-01
 93  9.2000000e-01
 94  9.3000000e-01
 95  9.4000000e-01
 96  9.5000000e-01
 97  9.6000000e-01
 98  9.7000000e-01
 99  9.8000000e-01
100  9.9000000e-01
101  1.0000000e+00
# polflux | Wb/radian
  1  0.0000000e+00
  2  1.2846460e-03
  3  2.7763658e-03
  4  4.6822332e-03
  5  7.2093219e-03
  6  1.0564706e-02
  7  1.4933036e-02
  8  2.0269964e-02
  9  2.6401335e-02
 10  3.3268943e-02
 11  4.0938644e-02
 12  4.9417652e-02
 13  5.8691145e-02
 14  6.8765909e-02
 15  7.9640899e-02
 16  9.1315058e-02
 17  1.0378617e-01
 18  1.1704969e-01
 19  1.3109881e-01
 20  1.4592441e-01
 21  1.6151601e-01
 22  1.7786334e-01
 23  1.9495633e-01
 24  2.1278272e-01
 25  2.3132815e-01
 26  2.5058008e-01
 27  2.7053125e-01
 28  2.9117894e-01
 29  3.1252142e-01
 30  3.3455609e-01
 31  3.5728109e-01
 32  3.8069717e-01
 33  4.0480692e-01
 34  4.2961349e-01
 35  4.5512012e-01
 36  4.8133002e-01
 37  5.0824575e-01
 38  5.3586554e-01
 39  5.6418119e-01
 40  5.9318000e-01
 41  6.2284487e-01
 42  6.5315485e-01
 43  6.8408426e-01
 44  7.1560059e-01
 45  7.4766334e-01
 46  7.8022408e-01
 47  8.1322908e-01
 48  8.4662265e-01
 49  8.8034787e-01
 50  9.1434793e-01
 51  9.4856789e-01
 52  9.8295545e-01
 53  1.0174601e+00
 54  1.0520318e+00
 55  1.0866220e+00
 56  1.1211842e+00
 57  1.1556728e+00
 58  1.1900434e+00
 59  1.2242565e+00
 60  1.2582791e+00
 61  1.2920841e+00
 62  1.3256488e+00
 63  1.3589544e+00
 64  1.3919841e+00
 65  1.4247234e+00
 66  1.4571600e+00
 67  1.4892835e+00
 68  1.5210848e+00
 69  1.5525557e+00
 70  1.5836885e+00
 71  1.6144757e+00
 72  1.6449099e+00
 73  1.6749841e+00
 74  1.7046922e+00
 75  1.7340286e+00
 76  1.7629880e+00
 77  1.7915652e+00
 78  1.8197548e+00
 79  1.8475505e+00
 80  1.8749450e+00
 81  1.9019307e+00
 82  1.9285011e+00
 83  1.9546489e+00
 84  1.9803660e+00
 85  2.0056443e+00
 86  2.0304763e+00
 87  2.0548550e+00
 88  2.0787721e+00
 89  2.1022156e+00
 90  2.1251689e+00
 91  2.1476111e+00
 92  2.1695188e+00
 93  2.1908674e+00
 94  2.2116345e+00
 95  2.2318085e+00
 96  2.2514010e+00
 97  2.2704661e+00
 98  2.2890423e+00
 99  2.3069101e+00
100  2.3235600e+00
101  2.3384412e+00
# q | -
  1  8.4580660e-01
  2  8.5071801e-01
  3  8.5608000e-01
  4  8.6239736e-01
  5  8.6985126e-01
  6  8.7812274e-01
  7  8.8611254e-01
  8  8.9160811e-01
  9  8.9404288e-01
 10  8.9482486e-01
 11  8.9524289e-01
 12  8.9638208e-01
 13  8.9685350e-01
 14  8.9736528e-01
 15  8.9783152e-01
 16  8.9833402e-01
 17  8.9901128e-01
 18  8.9998527e-01
 19  9.0135285e-01
 20  9.0318327e-01
 21  9.0544265e-01
 22  9.0803135e-01
 23  9.1095183e-01
 24  9.1432529e-01
 25  9.1814132e-01
 26  9.2216274e-01
 27  9.2610285e-01
 28  9.2985387e-01
 29  9.3345140e-01
 30  9.3694231e-01
 31  9.4025446e-01
 32  9.4329547e-01
 33  9.4604075e-01
 34  9.4851924e-01
 35  9.5074102e-01
 36  9.5273269e-01
 37  9.5457669e-01
 38  9.5650474e-01
 39  9.5869877e-01
 40  9.6127237e-01
 41  9.6435047e-01
 42  9.6801650e-01
 43  9.7243252e-01
 44  9.7779770e-01
 45  9.8433282e-01
 46  9.9222246e-01
 47  1.0015475e+00
 48  1.0123405e+00
 49  1.0246299e+00
 50  1.0384041e+00
 51  1.0536260e+00
 52  1.0702642e+00
 53  1.0883440e+00
 54  1.1079133e+00
 55  1.1289803e+00
 56  1.1515805e+00
 57  1.1757968e+00
 58  1.2016370e+00
 59  1.2289949e+00
 60  1.2577351e+00
 61  1.2877760e+00
 62  1.3190330e+00
 63  1.3514795e+00
 64  1.3851182e+00
 65  1.4199239e+00
 66  1.4558785e+00
 67  1.4929698e+00
 68  1.5312276e+00
 69  1.5706841e+00
 70  1.6113795e+00
 71  1.6533800e+00
 72  1.6967646e+00
 73  1.7415728e+00
 74  1.7878216e+00
 75  1.8355959e+00
 76  1.8849439e+00
 77  1.9359715e+00
 78  1.9888013e+00
 79  2.0436379e+00
 80  2.1006788e+00
 81  2.1600052e+00
 82  2.2217453e+00
 83  2.2861578e+00
 84  2.3534905e+00
 85  2.4239260e+00
 86  2.4976071e+00
 87  2.5748002e+00
 88  2.6560642e+00
 89  2.7422816e+00
 90  2.8345066e+00
 91  2.9338374e+00
 92  3.0413891e+00
 93  3.1581473e+00
 94  3.2845524e+00
 95  3.4188383e+00
 96  3.5561541e+00
 97  3.6872653e+00
 98  3.8319202e+00
 99  4.0769740e+00
100  4.5134276e+00
101  5.1675834e+00
# te | keV
  1  2.2767693e+01
  2  2.2732547e+01
  3  2.2679953e+01
  4  2.2593035e+01
  5  2.2474940e+01
  6  2.2328857e+01
  7  2.2155991e+01
  8  2.1958846e+01
  9  2.1739906e+01
 10  2.1500396e+01
 11  2.1242846e+01
 12  2.0969700e+01
 13  2.0682205e+01
 14  2.0383000e+01
 15  2.0074540e+01
 16  1.9757895e+01
 17  1.9435311e+01
 18  1.9108811e+01
 19  1.8779176e+01
 20  1.8448015e+01
 21  1.8116733e+01
 22  1.7785845e+01
 23  1.7456451e+01
 24  1.7129491e+01
 25  1.6805272e+01
 26  1.6484552e+01
 27  1.6167951e+01
 28  1.5855652e+01
 29  1.5548232e+01
 30  1.5246141e+01
 31  1.4949475e+01
 32  1.4658700e+01
 33  1.4374165e+01
 34  1.4095880e+01
 35  1.3824184e+01
 36  1.3559314e+01
 37  1.3301190e+01
 38  1.3049935e+01
 39  1.2805615e+01
 40  1.2568050e+01
 41  1.2337080e+01
 42  1.2112540e+01
 43  1.1894160e+01
 44  1.1681490e+01
 45  1.1474155e+01
 46  1.1271831e+01
 47  1.1073816e+01
 48  1.0879587e+01
 49  1.0688847e+01
 50  1.0500887e+01
 51  1.0315187e+01
 52  1.0131555e+01
 53  9.9494616e+00
 54  9.7685352e+00
 55  9.5887235e+00
 56  9.4097902e+00
 57  9.2315976e+00
 58  9.0542166e+00
 59  8.8777174e+00
 60  8.7021690e+00
 61  8.5277226e+00
 62  8.3546677e+00
 63  8.1832107e+00
 64  8.0135052e+00
 65  7.8458869e+00
 66  7.6805779e+00
 67  7.5176856e+00
 68  7.3574891e+00
 69  7.2001532e+00
 70  7.0457441e+00
 71  6.8944903e+00
 72  6.7465071e+00
 73  6.6017633e+00
 74  6.4602805e+00
 75  6.3220439e+00
 76  6.1870467e+00
 77  6.0553866e+00
 78  5.9270830e+00
 79  5.8021198e+00
 80  5.6805890e+00
 81  5.5624971e+00
 82  5.4476107e+00
 83  5.3355164e+00
 84  5.2259510e+00
 85  5.1192244e+00
 86  5.0161374e+00
 87  4.9170712e+00
 88  4.8219424e+00
 89  4.7320356e+00
 90  4.6470741e+00
 91  4.5665435e+00
 92  4.4888456e+00
 93  4.4106446e+00
 94  4.3358699e+00
 95  4.2817758e+00
 96  4.1393778e+00
 97  3.3974696e+00
 98  1.8884873e+00
 99  7.0340674e-01
100  3.6141113e-01
101  2.6607090e-01
# ti | keV
  1  1.9977779e+01
  2  1.9950430e+01
  3  1.9909532e+01
  4  1.9841881e+01
  5  1.9748668e+01
  6  1.9631021e+01
  7  1.9489733e+01
  8  1.9327075e+01
  9  1.9145288e+01
 10  1.8945496e+01
 11  1.8730038e+01
 12  1.8501021e+01
 13  1.8259386e+01
 14  1.8007223e+01
 15  1.7746496e+01
 16  1.7478228e+01
 17  1.7204765e+01
 18  1.6928135e+01
 19  1.6649070e+01
 20  1.6369381e+01
 21  1.6090633e+01
 22  1.5813317e+01
 23  1.5538726e+01
 24  1.5267954e+01
 25  1.5001253e+01
 26  1.4739387e+01
 27  1.4482958e+01
 28  1.4231979e+01
 29  1.3986683e+01
 30  1.3747239e+01
 31  1.3513514e+01
 32  1.3285345e+01
 33  1.3062584e+01
 34  1.2845023e+01
 35  1.2632262e+01
 36  1.2423978e+01
 37  1.2219960e+01
 38  1.2019758e+01
 39  1.1823011e+01
 40  1.1629550e+01
 41  1.1438994e+01
 42  1.1251037e+01
 43  1.1065586e+01
 44  1.0882399e+01
 45  1.0701281e+01
 46  1.0522201e+01
 47  1.0345090e+01
 48  1.0169893e+01
 49  9.9966173e+00
 50  9.8252995e+00
 51  9.6559721e+00
 52  9.4886609e+00
 53  9.3234606e+00
 54  9.1604355e+00
 55  8.9996096e+00
 56  8.8410909e+00
 57  8.6849453e+00
 58  8.5311819e+00
 59  8.3798756e+00
 60  8.2310644e+00
 61  8.0847316e+00
 62  7.9408875e+00
 63  7.7995275e+00
 64  7.6606260e+00
 65  7.5241769e+00
 66  7.3901626e+00
 67  7.2585253e+00
 68  7.1291710e+00
 69  7.0020283e+00
 70  6.8770247e+00
 71  6.7540242e+00
 72  6.6329344e+00
 73  6.5137420e+00
 74  6.3964565e+00
 75  6.2810732e+00
 76  6.1674031e+00
 77  6.0550073e+00
 78  5.9436247e+00
 79  5.8333134e+00
 80  5.7241888e+00
 81  5.6163201e+00
 82  5.5096894e+00
 83  5.4042350e+00
 84  5.2999285e+00
 85  5.1968672e+00
 86  5.0952559e+00
 87  4.9952040e+00
 88  4.8967115e+00
 89  4.8002057e+00
 90  4.7055833e+00
 91  4.6117993e+00
 92  4.5206581e+00
 93  4.4319649e+00
 94  4.3442212e+00
 95  4.2825268e+00
 96  4.1471809e+00
 97  3.4593721e+00
 98  2.0714375e+00
 99  9.7938851e-01
100  6.5890957e-01
101  5.6762038e-01
# ne | 10^19/m^3
  1  4.1659039e+01
  2  4.1657314e+01
  3  4.1654734e+01
  4  4.1650113e+01
  5  4.1641211e+01
  6  4.1625810e+01
  7  4.1603519e+01
  8  4.1573735e+01
  9  4.1535869e+01
 10  4.1489775e+01
 11  4.1434872e+01
 12  4.1370595e+01
 13  4.1296664e+01
 14  4.1211741e+01
 15  4.1114591e+01
 16  4.1005066e+01
 17  4.0882876e+01
 18  4.0747781e+01
 19  4.0599960e+01
 20  4.0440019e+01
 21  4.0268521e+01
 22  4.0085932e+01
 23  3.9893763e+01
 24  3.9693371e+01
 25  3.9485418e+01
 26  3.9272013e+01
 27  3.9054986e+01
 28  3.8835000e+01
 29  3.8614091e+01
 30  3.8393979e+01
 31  3.8175134e+01
 32  3.7959000e+01
 33  3.7746771e+01
 34  3.7538652e+01
 35  3.7335256e+01
 36  3.7137083e+01
 37  3.6944104e+01
 38  3.6756236e+01
 39  3.6573416e+01
 40  3.6395466e+01
 41  3.6221921e+01
 42  3.6052410e+01
 43  3.5886740e+01
 44  3.5724394e+01
 45  3.5564968e+01
 46  3.5408316e+01
 47  3.5254001e+01
 48  3.5101688e+01
 49  3.4951268e+01
 50  3.4802422e+01
 51  3.4654897e+01
 52  3.4508579e+01
 53  3.4363122e+01
 54  3.4218268e+01
 55  3.4073882e+01
 56  3.3929530e+01
 57  3.3784924e+01
 58  3.3639950e+01
 59  3.3494232e+01
 60  3.3347514e+01
 61  3.3199755e+01
 62  3.3050799e+01
 63  3.2900538e+01
 64  3.2749047e+01
 65  3.2596525e+01
 66  3.2443109e+01
 67  3.2289046e+01
 68  3.2134985e+01
 69  3.1981364e+01
 70  3.1828442e+01
 71  3.1676884e+01
 72  3.1527148e+01
 73  3.1379418e+01
 74  3.1234193e+01
 75  3.1091795e+01
 76  3.0952561e+01
 77  3.0817385e+01
 78  3.0686809e+01
 79  3.0560331e+01
 80  3.0436721e+01
 81  3.0315228e+01
 82  3.0196099e+01
 83  3.0079978e+01
 84  2.9967223e+01
 85  2.9857076e+01
 86  2.9747778e+01
 87  2.9638311e+01
 88  2.9528457e+01
 89  2.9408634e+01
 90  2.9280753e+01
 91  2.9154533e+01
 92  2.9032288e+01
 93  2.8920887e+01
 94  2.8810661e+01
 95  2.8644850e+01
 96  2.7861352e+01
 97  2.4097883e+01
 98  1.6663147e+01
 99  1.0782633e+01
100  8.9780134e+00
101  8.4359166e+00
