# rho | -
  1  0.0000000e+00
  2  5.0000000e-03
  3  1.0000000e-02
  4  1.5000000e-02
  5  2.0000000e-02
  6  2.5000000e-02
  7  3.0000000e-02
  8  3.5000000e-02
  9  4.0000000e-02
 10  4.5000000e-02
 11  5.0000000e-02
 12  5.5000000e-02
 13  6.0000000e-02
 14  6.5000000e-02
 15  7.0000000e-02
 16  7.5000000e-02
 17  8.0000000e-02
 18  8.5000000e-02
 19  9.0000000e-02
 20  9.5000000e-02
 21  1.0000000e-01
 22  1.0500000e-01
 23  1.1000000e-01
 24  1.1500000e-01
 25  1.2000000e-01
 26  1.2500000e-01
 27  1.3000000e-01
 28  1.3500000e-01
 29  1.4000000e-01
 30  1.4500000e-01
 31  1.5000000e-01
 32  1.5500000e-01
 33  1.6000000e-01
 34  1.6500000e-01
 35  1.7000000e-01
 36  1.7500000e-01
 37  1.8000000e-01
 38  1.8500000e-01
 39  1.9000000e-01
 40  1.9500000e-01
 41  2.0000000e-01
 42  2.0500000e-01
 43  2.1000000e-01
 44  2.1500000e-01
 45  2.2000000e-01
 46  2.2500000e-01
 47  2.3000000e-01
 48  2.3500000e-01
 49  2.4000000e-01
 50  2.4500000e-01
 51  2.5000000e-01
 52  2.5500000e-01
 53  2.6000000e-01
 54  2.6500000e-01
 55  2.7000000e-01
 56  2.7500000e-01
 57  2.8000000e-01
 58  2.8500000e-01
 59  2.9000000e-01
 60  2.9500000e-01
 61  3.0000000e-01
 62  3.0500000e-01
 63  3.1000000e-01
 64  3.1500000e-01
 65  3.2000000e-01
 66  3.2500000e-01
 67  3.3000000e-01
 68  3.3500000e-01
 69  3.4000000e-01
 70  3.4500000e-01
 71  3.5000000e-01
 72  3.5500000e-01
 73  3.6000000e-01
 74  3.6500000e-01
 75  3.7000000e-01
 76  3.7500000e-01
 77  3.8000000e-01
 78  3.8500000e-01
 79  3.9000000e-01
 80  3.9500000e-01
 81  4.0000000e-01
 82  4.0500000e-01
 83  4.1000000e-01
 84  4.1500000e-01
 85  4.2000000e-01
 86  4.2500000e-01
 87  4.3000000e-01
 88  4.3500000e-01
 89  4.4000000e-01
 90  4.4500000e-01
 91  4.5000000e-01
 92  4.5500000e-01
 93  4.6000000e-01
 94  4.6500000e-01
 95  4.7000000e-01
 96  4.7500000e-01
 97  4.8000000e-01
 98  4.8500000e-01
 99  4.9000000e-01
100  4.9500000e-01
101  5.0000000e-01
102  5.0500000e-01
103  5.1000000e-01
104  5.1500000e-01
105  5.2000000e-01
106  5.2500000e-01
107  5.3000000e-01
108  5.3500000e-01
109  5.4000000e-01
110  5.4500000e-01
111  5.5000000e-01
112  5.5500000e-01
113  5.6000000e-01
114  5.6500000e-01
115  5.7000000e-01
116  5.7500000e-01
117  5.8000000e-01
118  5.8500000e-01
119  5.9000000e-01
120  5.9500000e-01
121  6.0000000e-01
122  6.0500000e-01
123  6.1000000e-01
124  6.1500000e-01
125  6.2000000e-01
126  6.2500000e-01
127  6.3000000e-01
128  6.3500000e-01
129  6.4000000e-01
130  6.4500000e-01
131  6.5000000e-01
132  6.5500000e-01
133  6.6000000e-01
134  6.6500000e-01
135  6.7000000e-01
136  6.7500000e-01
137  6.8000000e-01
138  6.8500000e-01
139  6.9000000e-01
140  6.9500000e-01
141  7.0000000e-01
142  7.0500000e-01
143  7.1000000e-01
144  7.1500000e-01
145  7.2000000e-01
146  7.2500000e-01
147  7.3000000e-01
148  7.3500000e-01
149  7.4000000e-01
150  7.4500000e-01
151  7.5000000e-01
152  7.5500000e-01
153  7.6000000e-01
154  7.6500000e-01
155  7.7000000e-01
156  7.7500000e-01
157  7.8000000e-01
158  7.8500000e-01
159  7.9000000e-01
160  7.9500000e-01
161  8.0000000e-01
162  8.0500000e-01
163  8.1000000e-01
164  8.1500000e-01
165  8.2000000e-01
166  8.2500000e-01
167  8.3000000e-01
168  8.3500000e-01
169  8.4000000e-01
170  8.4500000e-01
171  8.5000000e-01
172  8.5500000e-01
173  8.6000000e-01
174  8.6500000e-01
175  8.7000000e-01
176  8.7500000e-01
177  8.8000000e-01
178  8.8500000e-01
179  8.9000000e-01
180  8.9500000e-01
181  9.0000000e-01
182  9.0500000e-01
183  9.1000000e-01
184  9.1500000e-01
185  9.2000000e-01
186  9.2500000e-01
187  9.3000000e-01
188  9.3500000e-01
189  9.4000000e-01
190  9.4500000e-01
191  9.5000000e-01
192  9.5500000e-01
193  9.6000000e-01
194  9.6500000e-01
195  9.7000000e-01
196  9.7500000e-01
197  9.8000000e-01
198  9.8500000e-01
199  9.9000000e-01
200  9.9500000e-01
201  1.0000000e+00
# polflux | Wb/radian
  1  0.0000000e+00
  2  6.2934711e-04
  3  1.2846460e-03
  4  1.9917133e-03
  5  2.7763658e-03
  6  3.6644876e-03
  7  4.6822332e-03
  8  5.8555544e-03
  9  7.2093219e-03
 10  8.7691498e-03
 11  1.0564706e-02
 12  1.2620085e-02
 13  1.4933036e-02
 14  1.7491429e-02
 15  2.0269964e-02
 16  2.3243581e-02
 17  2.6401335e-02
 18  2.9739481e-02
 19  3.3268943e-02
 20  3.7001620e-02
 21  4.0938644e-02
 22  4.5078224e-02
 23  4.9417652e-02
 24  5.3954845e-02
 25  5.8691145e-02
 26  6.3628256e-02
 27  6.8765909e-02
 28  7.4103481e-02
 29  7.9640899e-02
 30  8.5378168e-02
 31  9.1315058e-02
 32  9.7451233e-02
 33  1.0378617e-01
 34  1.1031926e-01
 35  1.1704969e-01
 36  1.2397658e-01
 37  1.3109881e-01
 38  1.3841519e-01
 39  1.4592441e-01
 40  1.5362512e-01
 41  1.6151601e-01
 42  1.6959582e-01
 43  1.7786334e-01
 44  1.8631733e-01
 45  1.9495633e-01
 46  2.0377874e-01
 47  2.1278272e-01
 48  2.2196642e-01
 49  2.3132815e-01
 50  2.4086637e-01
 51  2.5058008e-01
 52  2.6046849e-01
 53  2.7053125e-01
 54  2.8076813e-01
 55  2.9117894e-01
 56  3.0176348e-01
 57  3.1252142e-01
 58  3.2345239e-01
 59  3.3455609e-01
 60  3.4583231e-01
 61  3.5728109e-01
 62  3.6890261e-01
 63  3.8069717e-01
 64  3.9266514e-01
 65  4.0480692e-01
 66  4.1712290e-01
 67  4.2961349e-01
 68  4.4227910e-01
 69  4.5512012e-01
 70  4.6813696e-01
 71  4.8133002e-01
 72  4.9469964e-01
 73  5.0824575e-01
 74  5.2196803e-01
 75  5.3586554e-01
 76  5.4993709e-01
 77  5.6418119e-01
 78  5.7859618e-01
 79  5.9318000e-01
 80  6.0793040e-01
 81  6.2284487e-01
 82  6.3792071e-01
 83  6.5315485e-01
 84  6.6854400e-01
 85  6.8408426e-01
 86  6.9977142e-01
 87  7.1560059e-01
 88  7.3156654e-01
 89  7.4766334e-01
 90  7.6388475e-01
 91  7.8022408e-01
 92  7.9667450e-01
 93  8.1322908e-01
 94  8.2988084e-01
 95  8.4662265e-01
 96  8.6344738e-01
 97  8.8034787e-01
 98  8.9731703e-01
 99  9.1434793e-01
100  9.3143374e-01
101  9.4856789e-01
102  9.6574390e-01
103  9.8295545e-01
104  1.0001963e+00
105  1.0174601e+00
106  1.0347406e+00
107  1.0520318e+00
108  1.0693275e+00
109  1.0866220e+00
110  1.1039095e+00
111  1.1211842e+00
112  1.1384405e+00
113  1.1556728e+00
114  1.1728754e+00
115  1.1900434e+00
116  1.2071718e+00
117  1.2242565e+00
118  1.2412934e+00
119  1.2582791e+00
120  1.2752103e+00
121  1.2920841e+00
122  1.3088977e+00
123  1.3256488e+00
124  1.3423351e+00
125  1.3589544e+00
126  1.3755047e+00
127  1.3919841e+00
128  1.4083909e+00
129  1.4247234e+00
130  1.4409802e+00
131  1.4571600e+00
132  1.4732615e+00
133  1.4892835e+00
134  1.5052250e+00
135  1.5210848e+00
136  1.5368620e+00
137  1.5525557e+00
138  1.5681648e+00
139  1.5836885e+00
140  1.5991258e+00
141  1.6144757e+00
142  1.6297374e+00
143  1.6449099e+00
144  1.6599924e+00
145  1.6749841e+00
146  1.6898843e+00
147  1.7046922e+00
148  1.7194072e+00
149  1.7340286e+00
150  1.7485558e+00
151  1.7629880e+00
152  1.7773247e+00
153  1.7915652e+00
154  1.8057088e+00
155  1.8197548e+00
156  1.8337023e+00
157  1.8475505e+00
158  1.8612984e+00
159  1.8749450e+00
160  1.8884894e+00
161  1.9019307e+00
162  1.9152682e+00
163  1.9285011e+00
164  1.9416283e+00
165  1.9546489e+00
166  1.9675618e+00
167  1.9803660e+00
168  1.9930605e+00
169  2.0056443e+00
170  2.0181165e+00
171  2.0304763e+00
172  2.0427228e+00
173  2.0548550e+00
174  2.0668719e+00
175  2.0787721e+00
176  2.0905540e+00
177  2.1022156e+00
178  2.1137548e+00
179  2.1251689e+00
180  2.1364553e+00
181  2.1476111e+00
182  2.1586333e+00
183  2.1695188e+00
184  2.1802645e+00
185  2.1908674e+00
186  2.2013247e+00
187  2.2116345e+00
188  2.2217956e+00
189  2.2318085e+00
190  2.2416750e+00
191  2.2514010e+00
192  2.2609943e+00
193  2.2704661e+00
194  2.2798220e+00
195  2.2890423e+00
196  2.2980931e+00
197  2.3069101e+00
198  2.3154220e+00
199  2.3235600e+00
200  2.3312558e+00
201  2.3384412e+00
# q | -
  1  8.4580660e-01
  2  8.4824119e-01
  3  8.5071801e-01
  4  8.5330747e-01
  5  8.5608000e-01
  6  8.5909869e-01
  7  8.6239736e-01
  8  8.6599134e-01
  9  8.6985126e-01
 10  8.7392609e-01
 11  8.7812274e-01
 12  8.8229328e-01
 13  8.8611254e-01
 14  8.8925966e-01
 15  8.9160811e-01
 16  8.9313567e-01
 17  8.9404288e-01
 18  8.9456142e-01
 19  8.9482486e-01
 20  8.9496978e-01
 21  8.9524289e-01
 22  8.9580736e-01
 23  8.9638208e-01
 24  8.9668237e-01
 25  8.9685350e-01
 26  8.9709148e-01
 27  8.9736528e-01
 28  8.9760740e-01
 29  8.9783152e-01
 30  8.9806815e-01
 31  8.9833402e-01
 32  8.9864300e-01
 33  8.9901128e-01
 34  8.9945469e-01
 35  8.9998527e-01
 36  9.0061420e-01
 37  9.0135285e-01
 38  9.0220993e-01
 39  9.0318327e-01
 40  9.0426590e-01
 41  9.0544265e-01
 42  9.0669901e-01
 43  9.0803135e-01
 44  9.0944269e-01
 45  9.1095183e-01
 46  9.1257785e-01
 47  9.1432529e-01
 48  9.1618920e-01
 49  9.1814132e-01
 50  9.2014617e-01
 51  9.2216274e-01
 52  9.2415381e-01
 53  9.2610285e-01
 54  9.2800157e-01
 55  9.2985387e-01
 56  9.3166725e-01
 57  9.3345140e-01
 58  9.3521272e-01
 59  9.3694231e-01
 60  9.3862733e-01
 61  9.4025446e-01
 62  9.4181204e-01
 63  9.4329547e-01
 64  9.4470345e-01
 65  9.4604075e-01
 66  9.4731251e-01
 67  9.4851924e-01
 68  9.4966106e-01
 69  9.5074102e-01
 70  9.5176319e-01
 71  9.5273269e-01
 72  9.5366007e-01
 73  9.5457669e-01
 74  9.5551670e-01
 75  9.5650474e-01
 76  9.5756117e-01
 77  9.5869877e-01
 78  9.5992983e-01
 79  9.6127237e-01
 80  9.6274344e-01
 81  9.6435047e-01
 82  9.6610147e-01
 83  9.6801650e-01
 84  9.7011881e-01
 85  9.7243252e-01
 86  9.7498275e-01
 87  9.7779770e-01
 88  9.8090574e-01
 89  9.8433282e-01
 90  9.8810139e-01
 91  9.9222246e-01
 92  9.9670327e-01
 93  1.0015475e+00
 94  1.0067583e+00
 95  1.0123405e+00
 96  1.0182980e+00
 97  1.0246299e+00
 98  1.0313334e+00
 99  1.0384041e+00
100  1.0458368e+00
101  1.0536260e+00
102  1.0617676e+00
103  1.0702642e+00
104  1.0791204e+00
105  1.0883440e+00
106  1.0979415e+00
107  1.1079133e+00
108  1.1182587e+00
109  1.1289803e+00
110  1.1400834e+00
111  1.1515805e+00
112  1.1634837e+00
113  1.1757968e+00
114  1.1885188e+00
115  1.2016370e+00
116  1.2151354e+00
117  1.2289949e+00
118  1.2431978e+00
119  1.2577351e+00
120  1.2725986e+00
121  1.2877760e+00
122  1.3032555e+00
123  1.3190330e+00
124  1.3351072e+00
125  1.3514795e+00
126  1.3681511e+00
127  1.3851182e+00
128  1.4023764e+00
129  1.4199239e+00
130  1.4377589e+00
131  1.4558785e+00
132  1.4742808e+00
133  1.4929698e+00
134  1.5119508e+00
135  1.5312276e+00
136  1.5508039e+00
137  1.5706841e+00
138  1.5908734e+00
139  1.6113795e+00
140  1.6322114e+00
141  1.6533800e+00
142  1.6748957e+00
143  1.6967646e+00
144  1.7189906e+00
145  1.7415728e+00
146  1.7645121e+00
147  1.7878216e+00
148  1.8115151e+00
149  1.8355959e+00
150  1.8600675e+00
151  1.8849439e+00
152  1.9102410e+00
153  1.9359715e+00
154  1.9621498e+00
155  1.9888013e+00
156  2.0159544e+00
157  2.0436379e+00
158  2.0718765e+00
159  2.1006788e+00
160  2.1300510e+00
161  2.1600052e+00
162  2.1905589e+00
163  2.2217453e+00
164  2.2536008e+00
165  2.2861578e+00
166  2.3194462e+00
167  2.3534905e+00
168  2.3883120e+00
169  2.4239260e+00
170  2.4603488e+00
171  2.4976071e+00
172  2.5357368e+00
173  2.5748002e+00
174  2.6148737e+00
175  2.6560642e+00
176  2.6984896e+00
177  2.7422816e+00
178  2.7875754e+00
179  2.8345066e+00
180  2.8832126e+00
181  2.9338374e+00
182  2.9865219e+00
183  3.0413891e+00
184  3.0985576e+00
185  3.1581473e+00
186  3.2202136e+00
187  3.2845524e+00
188  3.3508780e+00
189  3.4188383e+00
190  3.4878102e+00
191  3.5561541e+00
192  3.6224614e+00
193  3.6872653e+00
194  3.7535197e+00
195  3.8319202e+00
196  3.9352592e+00
197  4.0769740e+00
198  4.2686009e+00
199  4.5134276e+00
200  4.8126799e+00
201  5.1675834e+00
# te | keV
  1  2.3416285e+01
  2  2.3416285e+01
  3  2.3416285e+01
  4  2.3405898e+01
  5  2.3381686e+01
  6  2.3350607e+01
  7  2.3312693e+01
  8  2.3267983e+01
  9  2.3216522e+01
 10  2.3158362e+01
 11  2.3093558e+01
 12  2.3022174e+01
 13  2.2944276e+01
 14  2.2859934e+01
 15  2.2769239e+01
 16  2.2672298e+01
 17  2.2569250e+01
 18  2.2460237e+01
 19  2.2345321e+01
 20  2.2224543e+01
 21  2.2097997e+01
 22  2.1965804e+01
 23  2.1828131e+01
 24  2.1685145e+01
 25  2.1536949e+01
 26  2.1383630e+01
 27  2.1225314e+01
 28  2.1062138e+01
 29  2.0894224e+01
 30  2.0721692e+01
 31  2.0544667e+01
 32  2.0363276e+01
 33  2.0177660e+01
 34  1.9987959e+01
 35  1.9794306e+01
 36  1.9596834e+01
 37  1.9395704e+01
 38  1.9191080e+01
 39  1.8983108e+01
 40  1.8771940e+01
 41  1.8557754e+01
 42  1.8340735e+01
 43  1.8121047e+01
 44  1.7898859e+01
 45  1.7674354e+01
 46  1.7447719e+01
 47  1.7219123e+01
 48  1.6988727e+01
 49  1.6751869e+01
 50  1.6511282e+01
 51  1.6274254e+01
 52  1.6040737e+01
 53  1.5810683e+01
 54  1.5586791e+01
 55  1.5369791e+01
 56  1.5157697e+01
 57  1.4950381e+01
 58  1.4747715e+01
 59  1.4549581e+01
 60  1.4355865e+01
 61  1.4166459e+01
 62  1.3981254e+01
 63  1.3800136e+01
 64  1.3622994e+01
 65  1.3449723e+01
 66  1.3280226e+01
 67  1.3114417e+01
 68  1.2952211e+01
 69  1.2793503e+01
 70  1.2638192e+01
 71  1.2486212e+01
 72  1.2337498e+01
 73  1.2191969e+01
 74  1.2049542e+01
 75  1.1910152e+01
 76  1.1773737e+01
 77  1.1640244e+01
 78  1.1509618e+01
 79  1.1381790e+01
 80  1.1256694e+01
 81  1.1134285e+01
 82  1.1014518e+01
 83  1.0897332e+01
 84  1.0782669e+01
 85  1.0670482e+01
 86  1.0560727e+01
 87  1.0453353e+01
 88  1.0348312e+01
 89  1.0246761e+01
 90  1.0148044e+01
 91  1.0050360e+01
 92  9.9537003e+00
 93  9.8580693e+00
 94  9.7629914e+00
 95  9.6683140e+00
 96  9.5743593e+00
 97  9.4811390e+00
 98  9.3886671e+00
 99  9.2969550e+00
100  9.2060114e+00
101  9.1158399e+00
102  9.0264410e+00
103  8.9378139e+00
104  8.8499597e+00
105  8.7628909e+00
106  8.6766206e+00
107  8.5911495e+00
108  8.5064768e+00
109  8.4226068e+00
110  8.3395456e+00
111  8.2573025e+00
112  8.1758860e+00
113  8.0953021e+00
114  8.0155526e+00
115  7.9366306e+00
116  7.8585298e+00
117  7.7812548e+00
118  7.7048112e+00
119  7.6292017e+00
120  7.5544248e+00
121  7.4804672e+00
122  7.4073166e+00
123  7.3349717e+00
124  7.2634333e+00
125  7.1926936e+00
126  7.1227456e+00
127  7.0535897e+00
128  6.9852250e+00
129  6.9174555e+00
130  6.8503644e+00
131  6.7842237e+00
132  6.7190315e+00
133  6.6547658e+00
134  6.5920910e+00
135  6.5312037e+00
136  6.4716205e+00
137  6.4132981e+00
138  6.3561960e+00
139  6.3002999e+00
140  6.2455964e+00
141  6.1920497e+00
142  6.1396239e+00
143  6.0882976e+00
144  6.0380515e+00
145  5.9888624e+00
146  5.9407065e+00
147  5.8935580e+00
148  5.8473932e+00
149  5.8021939e+00
150  5.7579425e+00
151  5.7146160e+00
152  5.6721922e+00
153  5.6306531e+00
154  5.5899811e+00
155  5.5501554e+00
156  5.5111560e+00
157  5.4729709e+00
158  5.4355880e+00
159  5.3989877e+00
160  5.3631509e+00
161  5.3280646e+00
162  5.2937167e+00
163  5.2600915e+00
164  5.2271738e+00
165  5.1949538e+00
166  5.1634196e+00
167  5.1325484e+00
168  5.1023200e+00
169  5.0729605e+00
170  5.0443504e+00
171  5.0161377e+00
172  4.9883106e+00
173  4.9608709e+00
174  4.9472174e+00
175  4.8994714e+00
176  4.8531211e+00
177  4.8081189e+00
178  4.7643574e+00
179  4.7217914e+00
180  4.6803702e+00
181  4.6399660e+00
182  4.6003557e+00
183  4.5610192e+00
184  4.5214557e+00
185  4.4815602e+00
186  4.4419311e+00
187  4.4055832e+00
188  4.3753148e+00
189  4.3506196e+00
190  4.3168289e+00
191  4.2059302e+00
192  3.9396606e+00
193  3.4520959e+00
194  2.7250281e+00
195  1.9188522e+00
196  1.2167824e+00
197  7.1471907e-01
198  4.5678415e-01
199  3.6722168e-01
200  3.4031693e-01
201  2.7034888e-01
# ti | keV
  1  1.7129518e+01
  2  1.7129518e+01
  3  1.7129518e+01
  4  1.7123998e+01
  5  1.7111131e+01
  6  1.7094609e+01
  7  1.7074444e+01
  8  1.7050654e+01
  9  1.7023257e+01
 10  1.6992273e+01
 11  1.6957724e+01
 12  1.6919637e+01
 13  1.6878036e+01
 14  1.6832952e+01
 15  1.6784420e+01
 16  1.6732487e+01
 17  1.6677216e+01
 18  1.6618671e+01
 19  1.6556871e+01
 20  1.6491824e+01
 21  1.6423568e+01
 22  1.6352151e+01
 23  1.6277649e+01
 24  1.6200135e+01
 25  1.6119649e+01
 26  1.6036220e+01
 27  1.5949901e+01
 28  1.5860748e+01
 29  1.5768808e+01
 30  1.5674128e+01
 31  1.5576758e+01
 32  1.5476749e+01
 33  1.5374158e+01
 34  1.5269041e+01
 35  1.5161452e+01
 36  1.5051445e+01
 37  1.4939087e+01
 38  1.4824450e+01
 39  1.4707594e+01
 40  1.4588583e+01
 41  1.4467496e+01
 42  1.4344416e+01
 43  1.4219417e+01
 44  1.4092572e+01
 45  1.3963966e+01
 46  1.3833686e+01
 47  1.3701808e+01
 48  1.3568407e+01
 49  1.3430746e+01
 50  1.3290372e+01
 51  1.3151525e+01
 52  1.3014193e+01
 53  1.2878362e+01
 54  1.2745179e+01
 55  1.2614976e+01
 56  1.2486927e+01
 57  1.2360988e+01
 58  1.2237114e+01
 59  1.2115268e+01
 60  1.1995408e+01
 61  1.1877501e+01
 62  1.1761507e+01
 63  1.1647386e+01
 64  1.1535095e+01
 65  1.1424595e+01
 66  1.1315851e+01
 67  1.1208835e+01
 68  1.1103516e+01
 69  1.0999851e+01
 70  1.0897800e+01
 71  1.0797341e+01
 72  1.0698454e+01
 73  1.0601109e+01
 74  1.0505271e+01
 75  1.0410917e+01
 76  1.0318028e+01
 77  1.0226587e+01
 78  1.0136576e+01
 79  1.0047969e+01
 80  9.9607376e+00
 81  9.8748698e+00
 82  9.7903532e+00
 83  9.7071629e+00
 84  9.6252745e+00
 85  9.5446726e+00
 86  9.4653423e+00
 87  9.3872638e+00
 88  9.3104193e+00
 89  9.2353558e+00
 90  9.1617786e+00
 91  9.0888478e+00
 92  9.0165611e+00
 93  8.9449235e+00
 94  8.8738861e+00
 95  8.8034275e+00
 96  8.7335796e+00
 97  8.6643472e+00
 98  8.5957366e+00
 99  8.5277525e+00
100  8.4603975e+00
101  8.3936705e+00
102  8.3275683e+00
103  8.2620867e+00
104  8.1972230e+00
105  8.1329832e+00
106  8.0693735e+00
107  8.0063913e+00
108  7.9440328e+00
109  7.8822982e+00
110  7.8211890e+00
111  7.7607093e+00
112  7.7008624e+00
113  7.6416500e+00
114  7.5830709e+00
115  7.5251176e+00
116  7.4677829e+00
117  7.4110678e+00
118  7.3549744e+00
119  7.2995023e+00
120  7.2446484e+00
121  7.1904010e+00
122  7.1367492e+00
123  7.0836902e+00
124  7.0312228e+00
125  6.9793396e+00
126  6.9280341e+00
127  6.8773049e+00
128  6.8271500e+00
129  6.7775353e+00
130  6.7284614e+00
131  6.6799629e+00
132  6.6320420e+00
133  6.5846862e+00
134  6.5377068e+00
135  6.4910545e+00
136  6.4448543e+00
137  6.3990939e+00
138  6.3537624e+00
139  6.3088690e+00
140  6.2644233e+00
141  6.2204166e+00
142  6.1768387e+00
143  6.1336912e+00
144  6.0909767e+00
145  6.0486943e+00
146  6.0068418e+00
147  5.9654147e+00
148  5.9244101e+00
149  5.8838290e+00
150  5.8436726e+00
151  5.8039372e+00
152  5.7646188e+00
153  5.7257169e+00
154  5.6872309e+00
155  5.6491569e+00
156  5.6114912e+00
157  5.5742370e+00
158  5.5373979e+00
159  5.5009692e+00
160  5.4649463e+00
161  5.4293304e+00
162  5.3941234e+00
163  5.3593230e+00
164  5.3249269e+00
165  5.2909386e+00
166  5.2573587e+00
167  5.2241760e+00
168  5.1913813e+00
169  5.1589280e+00
170  5.1268601e+00
171  5.0952559e+00
172  5.0641016e+00
173  5.0333984e+00
174  5.0447681e+00
175  4.9947578e+00
176  4.9452605e+00
177  4.8963195e+00
178  4.8479130e+00
179  4.7998023e+00
180  4.7517999e+00
181  4.7041406e+00
182  4.6571588e+00
183  4.6111748e+00
184  4.5661567e+00
185  4.5207049e+00
186  4.4742875e+00
187  4.4312045e+00
188  4.3958680e+00
189  4.3682750e+00
190  4.3346100e+00
191  4.2302177e+00
192  3.9813396e+00
193  3.5286390e+00
194  2.8568840e+00
195  2.1129147e+00
196  1.4642420e+00
197  9.9900117e-01
198  7.5800737e-01
199  6.7210243e-01
200  6.4464447e-01
201  5.7898572e-01
# ne | 10^19/m^3
  1  4.9633484e+01
  2  4.9633484e+01
  3  4.9633484e+01
  4  4.9626255e+01
  5  4.9609397e+01
  6  4.9587740e+01
  7  4.9561293e+01
  8  4.9530070e+01
  9  4.9494082e+01
 10  4.9453345e+01
 11  4.9407873e+01
 12  4.9357685e+01
 13  4.9302797e+01
 14  4.9243228e+01
 15  4.9179007e+01
 16  4.9110171e+01
 17  4.9036784e+01
 18  4.8958903e+01
 19  4.8876528e+01
 20  4.8789644e+01
 21  4.8698271e+01
 22  4.8602444e+01
 23  4.8502231e+01
 24  4.8397701e+01
 25  4.8288872e+01
 26  4.8175750e+01
 27  4.8058368e+01
 28  4.7936766e+01
 29  4.7810971e+01
 30  4.7681006e+01
 31  4.7546899e+01
 32  4.7408677e+01
 33  4.7266377e+01
 34  4.7120034e+01
 35  4.6969676e+01
 36  4.6815333e+01
 37  4.6657052e+01
 38  4.6494886e+01
 39  4.6328873e+01
 40  4.6159053e+01
 41  4.5985491e+01
 42  4.5808254e+01
 43  4.5627398e+01
 44  4.5442979e+01
 45  4.5255068e+01
 46  4.5063741e+01
 47  4.4869060e+01
 48  4.4671082e+01
 49  4.4465660e+01
 50  4.4254999e+01
 51  4.4045427e+01
 52  4.3836945e+01
 53  4.3629552e+01
 54  4.3425460e+01
 55  4.3225365e+01
 56  4.3027754e+01
 57  4.2832591e+01
 58  4.2639843e+01
 59  4.2449480e+01
 60  4.2261472e+01
 61  4.2075793e+01
 62  4.1892416e+01
 63  4.1711303e+01
 64  4.1532416e+01
 65  4.1355723e+01
 66  4.1181192e+01
 67  4.1008807e+01
 68  4.0838546e+01
 69  4.0670363e+01
 70  4.0504219e+01
 71  4.0340104e+01
 72  4.0178010e+01
 73  4.0017909e+01
 74  3.9859771e+01
 75  3.9703579e+01
 76  3.9549322e+01
 77  3.9396998e+01
 78  3.9246598e+01
 79  3.9098098e+01
 80  3.8951474e+01
 81  3.8806726e+01
 82  3.8663853e+01
 83  3.8522835e+01
 84  3.8383648e+01
 85  3.8246288e+01
 86  3.8110747e+01
 87  3.7977010e+01
 88  3.7845066e+01
 89  3.7716185e+01
 90  3.7589730e+01
 91  3.7463804e+01
 92  3.7338410e+01
 93  3.7213565e+01
 94  3.7088112e+01
 95  3.6961676e+01
 96  3.6835053e+01
 97  3.6708271e+01
 98  3.6581359e+01
 99  3.6454345e+01
100  3.6327254e+01
101  3.6200103e+01
102  3.6072907e+01
103  3.5945678e+01
104  3.5818431e+01
105  3.5691198e+01
106  3.5564012e+01
107  3.5436890e+01
108  3.5309847e+01
109  3.5182903e+01
110  3.5056084e+01
111  3.4929421e+01
112  3.4802945e+01
113  3.4676681e+01
114  3.4550651e+01
115  3.4424862e+01
116  3.4299321e+01
117  3.4174055e+01
118  3.4049092e+01
119  3.3924454e+01
120  3.3800158e+01
121  3.3676203e+01
122  3.3552586e+01
123  3.3429323e+01
124  3.3306436e+01
125  3.3183930e+01
126  3.3061812e+01
127  3.2940102e+01
128  3.2818819e+01
129  3.2697401e+01
130  3.2576130e+01
131  3.2455856e+01
132  3.2336594e+01
133  3.2218324e+01
134  3.2104358e+01
135  3.1995735e+01
136  3.1890183e+01
137  3.1787620e+01
138  3.1687973e+01
139  3.1591212e+01
140  3.1497307e+01
141  3.1406191e+01
142  3.1317796e+01
143  3.1232080e+01
144  3.1149001e+01
145  3.1068512e+01
146  3.0990566e+01
147  3.0915111e+01
148  3.0842099e+01
149  3.0771490e+01
150  3.0703244e+01
151  3.0637315e+01
152  3.0573656e+01
153  3.0512227e+01
154  3.0452989e+01
155  3.0395896e+01
156  3.0340907e+01
157  3.0287988e+01
158  3.0237108e+01
159  3.0188223e+01
160  3.0141291e+01
161  3.0096278e+01
162  3.0053151e+01
163  3.0011871e+01
164  2.9972401e+01
165  2.9934710e+01
166  2.9898763e+01
167  2.9864515e+01
168  2.9831923e+01
169  2.9802290e+01
170  2.9774907e+01
171  2.9747778e+01
172  2.9720894e+01
173  2.9694261e+01
174  2.9680948e+01
175  2.9625203e+01
176  2.9566547e+01
177  2.9504987e+01
178  2.9441172e+01
179  2.9376686e+01
180  2.9312984e+01
181  2.9250054e+01
182  2.9187818e+01
183  2.9127408e+01
184  2.9069988e+01
185  2.9015642e+01
186  2.8962886e+01
187  2.8905055e+01
188  2.8833735e+01
189  2.8738700e+01
190  2.8549003e+01
191  2.7952628e+01
192  2.6593064e+01
193  2.4176840e+01
194  2.0632961e+01
195  1.6717747e+01
196  1.3293342e+01
197  1.0817974e+01
198  9.5069500e+00
199  9.0074259e+00
200  8.8245810e+00
201  8.4635559e+00
